[[[23.43643, 72.71645],
  [23.45516, 72.72298],
  [23.45894, 72.73031],
  [23.46397, 72.73336],
  [23.45516, 72.72298],
  [23.49152, 72.71589],
  [23.603209025441817, 72.36660674234288]],
 [[23.95606211, 72.66658576],
  [23.93741, 72.66567],
  [23.96828, 72.68597],
  [23.95338, 72.69817],
  [23.95672, 72.7026],
  [23.97843, 72.71733],
  [23.603209025441817, 72.36660674234288]],
 [[23.85402, 72.52014],
  [23.84887, 72.54425],
  [23.86377, 72.51636],
  [23.83267, 72.5625],
  [23.86337, 72.54841],
  [23.86888, 72.49272],
  [23.87077, 72.56468],
  [23.603209025441817, 72.36660674234288]],
 [[23.62810219, 72.59890247],
  [23.63181, 72.60067],
  [23.64548, 72.61178],
  [23.64866, 72.58269],
  [23.66201, 72.61946],
  [23.6305, 72.56551],
  [23.6305, 72.56551],
  [23.60152, 72.55522],
  [23.603209025441817, 72.36660674234288]],
 [[24.07374906, 72.77736254],
  [24.05949, 72.78498],
  [24.00272, 72.74989],
  [24.00275, 72.70869],
  [24.03320174, 72.7011598],
  [24.04059, 72.71752],
  [23.603209025441817, 72.36660674234288]],
 [[23.45889462, 72.62773499],
  [23.45525, 72.63321],
  [23.45525, 72.63321],
  [23.45119, 72.64249],
  [23.45119, 72.64249],
  [23.45119, 72.64249],
  [23.45119, 72.64249],
  [23.4613, 72.66533],
  [23.48074, 72.66481],
  [23.48074, 72.66481],
  [23.48074, 72.66481],
  [23.48074, 72.66481],
  [23.45909, 72.67545],
  [23.47842, 72.6861],
  [23.5041, 72.69045],
  [23.603209025441817, 72.36660674234288]],
 [[23.8627, 72.73066],
  [23.8676, 72.75611],
  [23.83577, 72.75699],
  [23.82672, 72.76694],
  [23.83118, 72.78461],
  [23.603209025441817, 72.36660674234288]],
 [[23.76958683, 71.78246933],
  [23.79961, 71.80839],
  [23.82539, 71.80301],
  [23.96177, 71.74181],
  [23.82951, 71.84697],
  [23.81019, 71.86311],
  [23.85356, 71.87352],
  [23.78028, 71.86231],
  [23.7847, 71.88119],
  [23.74566, 71.83376],
  [23.80794, 71.91564],
  [23.78664, 71.92779],
  [23.86898, 71.95088],
  [23.603209025441817, 72.36660674234288]],
 [[23.58164, 72.66624],
  [23.54592, 72.6824],
  [23.603209025441817, 72.36660674234288]],
 [[23.54745986, 72.63728534], [23.603209025441817, 72.36660674234288]],
 [[23.67622852, 72.78784023],
  [23.67721, 72.77453],
  [23.66117, 72.79971],
  [23.66117, 72.79971],
  [23.67797, 72.81701],
  [23.66166, 73.34405],
  [23.69636, 72.81067],
  [23.69643, 72.8045],
  [23.71343, 72.80109],
  [23.71343, 72.80109],
  [23.72473, 72.77716],
  [23.73962, 72.75936],
  [23.71636, 72.74237],
  [23.76062, 72.78799],
  [23.72473, 72.77716],
  [23.70276, 72.75536],
  [23.77633, 72.78292],
  [23.603209025441817, 72.36660674234288]],
 [[23.12061, 72.1736],
  [23.15309, 71.76437],
  [23.12061, 72.1736],
  [23.603209025441817, 72.36660674234288]],
 [[23.55918536, 72.54536692],
  [23.51356, 72.54152],
  [23.55986, 72.51185],
  [23.50008, 72.52231],
  [23.55804, 72.48462],
  [23.58337, 72.51727],
  [23.53482, 72.49177],
  [23.59009, 72.50519],
  [23.59902, 72.47162],
  [23.603209025441817, 72.36660674234288]],
 [[23.88782, 72.61852],
  [23.88264, 72.623],
  [23.88782, 72.61852],
  [23.88782, 72.61852],
  [23.88782, 72.61852],
  [23.88782, 72.61852],
  [23.88782, 72.61852],
  [23.88782, 72.61852],
  [23.88782, 72.61852],
  [23.88782, 72.61852],
  [23.88782, 72.61852],
  [23.88782, 72.61852],
  [23.88782, 72.61852],
  [23.88782, 72.61852],
  [23.88782, 72.61852],
  [23.88782, 72.61852],
  [23.88782, 72.61852],
  [23.88782, 72.61852],
  [23.88782, 72.61852],
  [23.88782, 72.61852],
  [23.85329, 72.63372],
  [23.88782, 72.61852],
  [23.88782, 72.61852],
  [23.91899, 72.61905],
  [23.92143, 72.60248],
  [23.89086, 72.5765],
  [23.88759, 72.57722],
  [23.603209025441817, 72.36660674234288]],
 [[23.50242, 72.42395],
  [23.47411, 72.42196],
  [23.51229, 72.41184],
  [23.457, 72.42817],
  [23.51664, 72.41034],
  [23.49565, 72.39967],
  [23.53355, 72.39379],
  [23.46907, 72.36001],
  [23.49468, 72.33458],
  [23.5064, 72.31521],
  [23.53313, 72.32745],
  [23.55389, 72.32973],
  [23.55541, 72.32161],
  [23.6031, 72.30235],
  [23.55236, 72.22734],
  [23.603209025441817, 72.36660674234288]],
 [[23.42713, 72.73731],
  [23.43134, 72.76366],
  [23.45036, 72.76484],
  [23.43423, 72.77627],
  [23.45036, 72.76484],
  [23.603209025441817, 72.36660674234288]],
 [[23.59071147, 72.6764521],
  [23.59755, 72.67367],
  [23.62413, 72.65583],
  [23.63563, 72.65682],
  [23.65565, 72.66732],
  [23.65808, 72.64284],
  [23.603209025441817, 72.36660674234288]],
 [[23.60786123, 72.70015982],
  [23.64875, 72.70156],
  [23.59648, 72.71489],
  [23.58916, 72.70294],
  [23.57278, 72.73493],
  [23.58916, 72.70294],
  [23.58916, 72.70294],
  [23.603209025441817, 72.36660674234288]],
 [[22.75818283, 70.96524155],
  [23.56662462, 71.52751749],
  [23.62523, 71.49525],
  [23.65563, 71.46697],
  [23.67799203, 71.50704583],
  [23.65746854, 71.683492],
  [23.64557686, 71.71575885],
  [23.6743394, 71.7320256],
  [23.54736305, 71.74387257],
  [23.603209025441817, 72.36660674234288]],
 [[23.26284836, 72.60150301],
  [23.25157, 72.51987],
  [23.2233, 72.62098],
  [23.31916, 72.52753],
  [23.603209025441817, 72.36660674234288]],
 [[23.89179441, 72.29160962],
  [23.91044, 72.30627],
  [23.88905, 72.26556],
  [23.9258, 72.33942],
  [23.9258, 72.33942],
  [23.93098, 72.29888],
  [23.88654, 72.31925],
  [23.9258, 72.33942],
  [23.91635718, 72.24217649],
  [23.95256, 72.29838],
  [23.86313546, 72.33474609],
  [23.92445177, 72.21091136],
  [23.87206, 72.21661],
  [23.92721, 72.26281],
  [24.00295, 72.30464],
  [23.81584, 72.31142],
  [23.88517653, 72.16384628],
  [23.99067, 72.26472],
  [24.02313, 72.30873],
  [24.02313, 72.30873],
  [24.02137, 72.33658],
  [23.603209025441817, 72.36660674234288]],
 [[24.05350834, 72.6587491],
  [24.1468, 72.65268],
  [24.04689, 72.67703],
  [24.02755, 72.68866],
  [24.01371, 72.68207],
  [24.01371, 72.68207],
  [23.603209025441817, 72.36660674234288]],
 [[23.87921061, 72.41704451],
  [23.88513, 72.38991],
  [23.85687887, 72.39523021],
  [23.89281, 72.36138],
  [23.91505, 72.37292],
  [23.91505, 72.37292],
  [23.91505, 72.37292],
  [23.91505, 72.37292],
  [23.91505, 72.37292],
  [23.91505, 72.37292],
  [23.91656, 72.40912],
  [23.95521, 72.3802],
  [23.91946, 72.42824],
  [23.94873, 72.43347],
  [23.91334, 72.46092],
  [23.96402, 72.46327],
  [23.603209025441817, 72.36660674234288]],
 [[23.81053, 72.73359],
  [23.78571, 72.75329],
  [23.81166, 72.71268],
  [23.82674, 72.73534],
  [23.76973, 72.73475],
  [23.603209025441817, 72.36660674234288]],
 [[22.72841154, 73.57577992],
  [23.46574, 72.80668],
  [23.46570702, 72.80382058],
  [23.45806063, 72.78857394],
  [23.47934, 72.78988],
  [23.45532482, 72.78815633],
  [23.603209025441817, 72.36660674234288]],
 [[23.7954649, 72.67976117],
  [23.80263, 72.69194],
  [23.78536, 72.69004],
  [23.78536, 72.69004],
  [23.76982, 72.67294],
  [23.76709, 72.72208],
  [23.603209025441817, 72.36660674234288]],
 [[23.65447, 71.95027],
  [23.58392861, 71.97774269],
  [23.68339, 71.95292],
  [23.71028038, 71.95678096],
  [23.72984, 71.92656],
  [23.69103, 71.90731],
  [23.69103, 71.90731],
  [23.69103, 71.90731],
  [23.69103, 71.90731],
  [23.69103, 71.90731],
  [23.69103, 71.90731],
  [23.69103, 71.90731],
  [23.69103, 71.90731],
  [23.69103, 71.90731],
  [23.63657288, 71.89571138],
  [23.53061, 71.86623],
  [23.603209025441817, 72.36660674234288]],
 [[23.62296296, 72.40053563],
  [23.64191, 72.31869],
  [23.6154, 72.40385],
  [23.59348, 72.40798],
  [23.56465, 72.42531],
  [23.60561, 72.43435],
  [23.55164, 72.41227],
  [23.56562, 72.45402],
  [23.61126, 72.46697],
  [23.603209025441817, 72.36660674234288]],
 [[23.78694, 72.05624],
  [23.82338, 72.05429],
  [23.79293, 72.09625],
  [23.85715, 72.0851],
  [23.80521, 72.09697],
  [23.73595, 72.10577],
  [23.72119, 72.10817],
  [23.72044, 72.10754],
  [23.603209025441817, 72.36660674234288]],
 [[23.23909289, 72.42228195],
  [23.2337, 72.44093],
  [23.25959, 72.41109],
  [23.19572, 72.42757],
  [23.27080673, 72.39910303],
  [23.19201794, 72.39907799],
  [23.12799, 72.47459],
  [23.603209025441817, 72.36660674234288]],
 [[23.35949, 72.38074],
  [23.37241, 72.39447],
  [23.35621, 72.34123],
  [23.40849, 72.39038],
  [23.32827, 72.35512],
  [23.3726, 72.3228],
  [23.41373, 72.40809],
  [23.39698, 72.33753],
  [23.4175, 72.42553],
  [23.4155, 72.31539],
  [23.42943, 72.33474],
  [23.4424, 72.35143],
  [23.46149, 72.31608],
  [23.45135, 72.29275],
  [23.603209025441817, 72.36660674234288]],
 [[23.50589005, 72.78491696],
  [23.49136004, 72.78209647],
  [23.5157, 72.78524],
  [23.48537, 72.75299],
  [23.51102, 72.74168],
  [23.51144, 72.72185],
  [23.48537, 72.75299],
  [23.51418, 72.71822],
  [23.603209025441817, 72.36660674234288]],
 [[23.73523075, 72.65228478],
  [23.73668, 72.66978],
  [23.71212, 72.60472],
  [23.68034, 72.63516],
  [23.68034, 72.63516],
  [23.68034, 72.63516],
  [23.603209025441817, 72.36660674234288]],
 [[23.92127152, 72.50850989],
  [23.9204917, 72.50921917],
  [23.92697, 72.51497],
  [23.92276, 72.49706],
  [23.92276, 72.49706],
  [23.89877, 72.52238],
  [23.91055, 72.49093],
  [23.603209025441817, 72.36660674234288]],
 [[23.56275555, 72.56037868],
  [23.58161626, 72.58319263],
  [23.58429, 72.59044],
  [23.60756, 72.58341],
  [23.59841, 72.61882],
  [23.603209025441817, 72.36660674234288]],
 [[23.61475, 72.5306],
  [23.64147, 72.52866],
  [23.65225, 72.49425],
  [23.63178, 72.48541],
  [23.61593, 72.48922],
  [23.603209025441817, 72.36660674234288]],
 [[23.82174, 72.65717], [23.603209025441817, 72.36660674234288]],
 [[23.81652, 72.60511],
  [23.78741, 72.63354],
  [23.78604, 72.63238],
  [23.78741, 72.63354],
  [23.78741, 72.63354],
  [23.78741, 72.63354],
  [23.78741, 72.63354],
  [23.78741, 72.63354],
  [23.78741, 72.63354],
  [23.78741, 72.63354],
  [23.78741, 72.63354],
  [23.78741, 72.63354],
  [23.78741, 72.63354],
  [23.75541, 72.60346],
  [23.78501, 72.64631],
  [23.75196, 72.58419],
  [23.603209025441817, 72.36660674234288]],
 [[23.35059527, 72.69115223],
  [23.36487792, 72.68882145],
  [23.3524, 72.69828],
  [23.37034584, 72.71768644],
  [23.37057909, 72.71948759],
  [23.39169, 72.72224],
  [23.36873946, 72.75233143],
  [22.60683828, 73.42788165],
  [23.603209025441817, 72.36660674234288]],
 [[23.53303501, 72.56049346],
  [23.53649003, 72.562985],
  [23.53303501, 72.56049346],
  [23.5365, 72.60824],
  [23.603209025441817, 72.36660674234288]],
 [[23.91340938, 72.76388836],
  [23.92113, 72.76099],
  [23.96675, 72.75535],
  [23.603209025441817, 72.36660674234288]],
 [[23.54943146, 72.73288983],
  [23.54938, 72.7319],
  [23.55518, 72.74103],
  [23.53590285, 72.71398816],
  [23.56257, 72.74409],
  [23.51629, 72.71048],
  [23.54087, 72.70867],
  [23.56322, 72.74766],
  [23.52114567, 72.72945915],
  [23.56875, 72.74933],
  [23.56257, 72.74409],
  [23.55874, 72.75056],
  [23.56679, 72.73815],
  [23.5581, 72.75041],
  [23.55375, 72.75793],
  [23.54644, 72.75115],
  [23.54644, 72.75115],
  [23.52178, 72.76503],
  [23.53641082, 72.78387527],
  [23.603209025441817, 72.36660674234288]],
 [[23.72996194, 72.33284622],
  [23.76949259, 72.3266481],
  [23.69, 72.35241],
  [23.70127, 72.38454],
  [23.67879, 72.34902],
  [23.67769, 72.38932],
  [23.66377, 72.33963],
  [23.65022, 72.37655],
  [23.65952, 72.4344],
  [23.66101, 72.44927],
  [23.6734, 72.46149],
  [23.68692, 72.4412],
  [23.65732, 72.47832],
  [23.69547, 72.47278],
  [23.67677, 72.49979],
  [23.63134, 72.46344],
  [23.73776, 72.46708],
  [23.62565, 72.45465],
  [23.76805, 72.44685],
  [23.62435, 72.43099],
  [23.603209025441817, 72.36660674234288]],
 [[23.22205047, 72.51285212],
  [23.22696406, 72.50906451],
  [23.18386, 72.64698],
  [23.603209025441817, 72.36660674234288]],
 [[23.99581819, 72.63716005],
  [23.98929, 72.65904],
  [23.97513, 72.62917],
  [23.96242, 72.64872],
  [23.9705, 72.60148],
  [23.9484, 72.63239],
  [23.96274, 72.6012],
  [23.93632, 72.6176],
  [23.93512, 72.61029],
  [23.603209025441817, 72.36660674234288]],
 [[23.43241525, 72.63844171],
  [23.4326888, 72.63784574],
  [23.42307371, 72.64757007],
  [23.42528089, 72.6499472],
  [23.42894533, 72.65591787],
  [23.43012, 72.65979],
  [23.42609, 72.65793],
  [23.42332, 72.66177],
  [23.603209025441817, 72.36660674234288]],
 [[23.24259, 72.49911],
  [23.24065, 72.49386],
  [23.2411, 72.50131],
  [23.2441, 72.50239],
  [23.25067, 72.50383],
  [23.25172, 72.49876],
  [23.25486, 72.49214],
  [23.25486, 72.49214],
  [23.25067, 72.50383],
  [23.25183, 72.47951],
  [23.27926, 72.48078],
  [23.31366, 72.45551],
  [23.32588, 72.47209],
  [23.603209025441817, 72.36660674234288]],
 [[23.66944, 72.54669],
  [23.69477, 72.55188],
  [23.69593, 72.54795],
  [23.69652, 72.58532],
  [23.6755, 72.58572],
  [23.701, 72.60048],
  [23.72641, 72.58877],
  [23.603209025441817, 72.36660674234288]],
 [[23.85024654, 72.12137568],
  [23.7825, 72.15792],
  [23.80001, 72.18298],
  [23.80581512, 72.20343411],
  [23.77535, 72.21732],
  [23.73479, 72.26426],
  [23.75698, 72.19382],
  [23.75348, 72.29554],
  [23.7309, 72.14923],
  [23.78198, 72.28858],
  [23.603209025441817, 72.36660674234288]],
 [[23.43098, 72.71534],
  [23.40563, 72.68718],
  [23.39212, 72.67177],
  [23.40563, 72.68718],
  [23.40563, 72.68718],
  [23.40563, 72.68718],
  [23.40563, 72.68718],
  [23.603209025441817, 72.36660674234288]],
 [[23.57416034, 72.78040893],
  [23.57381, 72.77985],
  [23.62861, 72.79167],
  [23.54653, 72.78705],
  [23.64067, 72.7962],
  [23.63489, 72.78127],
  [23.63228, 72.81073],
  [23.61059, 72.82751],
  [23.57989, 72.95912],
  [23.603209025441817, 72.36660674234288]],
 [[23.93274, 72.5814],
  [23.92444, 72.56784],
  [23.91509, 72.55697],
  [23.90786, 72.57377],
  [23.93274, 72.5814],
  [23.93159, 72.54737],
  [23.88873, 72.56443],
  [23.92247, 72.534],
  [23.92597, 72.52695],
  [23.89489, 72.52634],
  [23.603209025441817, 72.36660674234288]],
 [[23.54083, 72.43088],
  [23.53985, 72.44778],
  [23.51194, 72.45462],
  [23.50031, 72.43948],
  [23.49061, 72.46456],
  [23.5103, 72.49154],
  [23.603209025441817, 72.36660674234288]],
 [[23.39948392, 72.62393539],
  [23.39473, 72.63335],
  [23.40151, 72.62431],
  [23.39316012, 72.63349252],
  [23.41335, 72.6287],
  [23.39473, 72.63335],
  [23.37139, 72.63442],
  [23.41520811, 72.61433561],
  [23.41520811, 72.61433561],
  [23.36292091, 72.63238551],
  [23.40548, 72.59264],
  [23.35716, 72.62132],
  [23.35716, 72.62132],
  [23.39381, 72.59773],
  [23.34621, 72.63263],
  [23.34142, 72.6031],
  [23.37362, 72.60305],
  [23.35239, 72.65564],
  [23.35239, 72.65564],
  [23.36659362, 72.58885584],
  [23.34321, 72.57481],
  [23.603209025441817, 72.36660674234288]],
 [[23.75381347, 72.51472412],
  [23.75233, 72.5097],
  [23.7713, 72.5027],
  [23.73851, 72.51512],
  [23.73706, 72.51198],
  [23.74497, 72.53064],
  [23.72995956, 72.54588516],
  [23.74951, 72.55646],
  [23.70434, 72.54528],
  [23.75158, 72.55766],
  [23.69979, 72.54661],
  [23.70434, 72.54528],
  [23.70434, 72.54528],
  [23.70434, 72.54528],
  [23.70434, 72.54528],
  [23.70434, 72.54528],
  [23.70434, 72.54528],
  [23.70434, 72.54528],
  [23.70434, 72.54528],
  [23.70434, 72.54528],
  [23.70434, 72.54528],
  [23.70434, 72.54528],
  [23.70434, 72.54528],
  [23.70434, 72.54528],
  [23.70434, 72.54528],
  [23.69978, 72.54995],
  [23.70434, 72.54528],
  [23.70531, 72.51671],
  [23.69979, 72.54661],
  [23.70434, 72.54528],
  [23.603209025441817, 72.36660674234288]],
 [[23.72694997, 72.30099088],
  [23.7055, 72.24301],
  [23.64704, 72.27423],
  [23.70924, 72.17854],
  [23.70903, 72.15163],
  [23.69231, 72.17617],
  [23.66333, 72.17152],
  [23.603209025441817, 72.36660674234288]],
 [[23.74913478, 72.69963553],
  [23.72564, 72.68403],
  [23.73399549, 72.71808133],
  [23.70784, 72.67041],
  [23.72629, 72.73511],
  [23.68607744, 72.66591866],
  [23.69966, 72.73139],
  [23.66461, 72.68285],
  [23.68947, 72.70933],
  [23.603209025441817, 72.36660674234288]],
 [[23.99485633, 71.93382339],
  [23.9687, 71.97079],
  [24.10097, 71.90256],
  [23.97247, 71.98516],
  [23.96598, 71.9694],
  [23.9939606, 71.99570811],
  [23.97068, 72.00838],
  [23.93805, 71.94405],
  [23.93053, 72.03853],
  [23.92278, 72.05641],
  [23.91032, 72.04023],
  [23.9, 71.99314],
  [23.87609, 71.99303],
  [23.86654, 72.01551],
  [23.84688, 72.00256],
  [23.85936, 72.05005],
  [23.85822, 72.05535],
  [23.603209025441817, 72.36660674234288]],
 [[23.4740944, 72.74885312], [23.603209025441817, 72.36660674234288]],
 [[23.56673035, 72.62157133],
  [23.55478734, 72.61796382],
  [23.57573, 72.61296],
  [23.56941, 72.63873],
  [23.603209025441817, 72.36660674234288]],
 [[23.72566445, 71.72381913],
  [23.74921237, 71.67752411],
  [23.7598, 71.63032],
  [23.603209025441817, 72.36660674234288]],
 [[23.90820425, 72.66931246],
  [23.91587796, 72.68435076],
  [23.92208, 72.7057],
  [23.92798, 72.72188],
  [23.603209025441817, 72.36660674234288]],
 [[23.53130523, 72.63263194],
  [23.53671, 72.63259],
  [23.5223, 72.64898],
  [23.53671, 72.63259],
  [23.52388185, 72.64979109],
  [23.51065, 72.65876],
  [23.52286, 72.67225],
  [23.603209025441817, 72.36660674234288]],
 [[23.71345955, 72.12110067],
  [23.5517, 72.10187],
  [23.603209025441817, 72.36660674234288]],
 [[23.46447139, 72.5267728],
  [23.45557264, 72.53072265],
  [23.44552, 72.55413],
  [23.44289, 72.49125],
  [23.4352, 72.54761],
  [23.40716, 72.53506],
  [23.40805629, 72.51759262],
  [23.40716, 72.53506],
  [23.40035, 72.49959],
  [23.38742, 72.52043],
  [23.382, 72.47707],
  [23.37806, 72.54018],
  [23.39928427, 72.46834156],
  [23.36054, 72.49447],
  [23.38155026, 72.55145072],
  [23.39572, 72.44605],
  [23.35732, 72.50655],
  [23.34781, 72.55629],
  [23.40104, 72.56702],
  [23.40104, 72.56702],
  [23.44181396, 72.43910544],
  [23.3838, 72.43216],
  [23.33489058, 72.51152518],
  [23.36111, 72.44694],
  [23.34187, 72.44351],
  [23.603209025441817, 72.36660674234288]],
 [[23.86501714, 72.69262249],
  [23.85539, 72.7069],
  [23.8491, 72.68438],
  [23.8491, 72.68438],
  [23.603209025441817, 72.36660674234288]],
 [[23.71719589, 72.11201004],
  [23.7159, 72.11159],
  [23.71515, 72.11248],
  [23.71439, 72.11175],
  [23.71439, 72.11175],
  [23.71439, 72.11175],
  [23.71439, 72.11175],
  [23.71439, 72.11175],
  [23.71439, 72.11175],
  [23.71439, 72.11175],
  [23.71439, 72.11175],
  [23.71439, 72.11175],
  [23.71439, 72.11175],
  [23.71439, 72.11175],
  [23.7122, 72.11249],
  [23.68789, 72.10161],
  [23.65491, 72.08919],
  [23.65179, 72.09409],
  [23.63549, 72.08723],
  [23.63604, 72.06352],
  [23.63288, 72.10572],
  [23.58176, 72.09248],
  [23.603209025441817, 72.36660674234288]],
 [[23.97728, 72.8144],
  [23.91779, 72.79675],
  [23.603209025441817, 72.36660674234288]],
 [[23.29889447, 72.32107925],
  [23.29987, 72.28764],
  [23.29987, 72.28764],
  [23.28043, 72.32218],
  [23.29683, 72.33692],
  [23.31692, 72.24501],
  [23.3538, 72.27754],
  [23.3165, 72.2325],
  [23.35267, 72.30081],
  [23.38733, 72.28675],
  [23.27646, 72.22563],
  [23.4625, 72.22092],
  [23.26712, 72.18748],
  [23.25329, 72.2418],
  [23.48739, 72.20878],
  [23.25356, 72.27471],
  [23.46332, 72.17761],
  [23.2371, 72.30002],
  [23.42957, 72.1872],
  [23.603209025441817, 72.36660674234288]],
 [[23.54580637, 72.03940773],
  [23.61306, 71.99852],
  [23.63807, 71.99748],
  [23.67432, 72.02528],
  [23.68958, 72.04635],
  [23.70474, 72.01354],
  [23.71913, 72.04984],
  [23.71264, 72.01142],
  [23.82043, 71.97611],
  [23.603209025441817, 72.36660674234288]],
 [[23.48173132, 72.56658715],
  [23.48721306, 72.59113882],
  [23.48173132, 72.56658715],
  [23.48590182, 72.59637504],
  [23.4456, 72.59199],
  [23.50806, 72.60328],
  [23.50411, 72.61236],
  [23.48502, 72.624],
  [23.51427041, 72.62466206],
  [23.51487203, 72.62586695],
  [23.603209025441817, 72.36660674234288]],
 [[23.14411814, 72.24333945],
  [23.17681, 72.22414],
  [23.1423, 72.26339],
  [23.1423, 72.26339],
  [23.20032, 72.24402],
  [23.00119, 72.3472],
  [23.17681, 72.22414],
  [23.20032, 72.24402],
  [23.15783, 72.19392],
  [23.23363, 72.26113],
  [23.1292, 72.19505],
  [23.19046, 72.18894],
  [23.1292, 72.19505],
  [23.15783, 72.19392],
  [23.19046, 72.18894],
  [23.603209025441817, 72.36660674234288]],
 [[23.86384, 72.78405],
  [23.91027, 72.79393],
  [23.603209025441817, 72.36660674234288]],
 [[24.03024, 72.04069],
  [23.99976, 72.05768],
  [23.99886, 72.07938],
  [23.9677, 72.0813],
  [24.01176, 72.08772],
  [23.94698, 72.08042],
  [23.94698, 72.08042],
  [24.02004, 72.07635],
  [23.9107, 72.09882],
  [23.94284, 72.12215],
  [23.603209025441817, 72.36660674234288]],
 [[24.04216639, 72.17259941],
  [24.06203455, 72.14298322],
  [24.02590676, 72.17755707],
  [24.00094, 72.20438],
  [23.97729236, 72.17527424],
  [24.03489966, 72.22304531],
  [23.97999444, 72.21620295],
  [23.93287741, 72.17854501],
  [24.04597417, 72.23017145],
  [24.02727, 72.24623],
  [24.07360929, 72.20542066],
  [24.048, 72.26044],
  [24.09848995, 72.20317663],
  [24.045149, 72.27069673],
  [24.12825, 72.15065],
  [24.03407, 72.28483],
  [24.119, 72.11304],
  [23.603209025441817, 72.36660674234288]]]