[[[23.92127152, 72.50850989],
  [23.89179441, 72.29160962],
  [23.86526219, 72.64519843],
  [23.85024654, 72.12137568],
  [23.7954649, 72.67976117],
  [23.71345955, 72.12110067],
  [23.56218713, 72.5772177],
  [22.75818283, 70.96524155],
  [23.37219836, 72.69135289],
  [23.55918536, 72.54536692],
  [23.35059527, 72.69115223],
  [22.72841154, 73.57577992],
  [23.603209025441817, 72.36660674234288]],
 [[24.05350834, 72.6587491],
  [23.88782, 72.61852],
  [23.89489, 72.52634],
  [23.595, 72.36473],
  [23.55389, 72.32973],
  [23.42937937, 72.63847828],
  [23.78694, 72.05624],
  [23.82043, 71.97611],
  [23.9, 71.99314],
  [23.93053, 72.03853],
  [23.603209025441817, 72.36660674234288]],
 [[23.60403, 72.79619],
  [23.57998, 72.41168],
  [23.98418, 72.28641],
  [23.99886, 72.07938],
  [24.03024, 72.04069],
  [23.71334, 71.92576],
  [23.603209025441817, 72.36660674234288]],
 [[23.94215, 72.46089],
  [23.96506, 72.38951],
  [23.96285, 72.23246],
  [23.94137, 71.98689],
  [23.603209025441817, 72.36660674234288]],
 [[23.88782, 72.61852],
  [23.70434, 72.54528],
  [23.93159, 72.54737],
  [23.66101, 72.44927],
  [23.9677, 72.0813],
  [23.62565, 72.45465],
  [23.54868, 72.51437],
  [23.27, 72.32401],
  [23.603209025441817, 72.36660674234288]],
 [[23.61593, 72.48922],
  [23.22184, 72.38639],
  [23.69979, 72.54661],
  [23.66591, 72.59199],
  [23.78336, 72.55207],
  [23.6659, 72.59199],
  [23.62577, 72.64069],
  [23.603209025441817, 72.36660674234288]],
 [[23.9677, 72.0813],
  [23.92278, 72.05641],
  [23.91509, 72.55697],
  [23.85356, 71.87352],
  [23.88782, 72.61852],
  [23.88782, 72.61852],
  [23.78741, 72.63354],
  [23.59009, 72.50519],
  [23.25877, 72.34335],
  [23.603209025441817, 72.36660674234288]],
 [[23.38123, 72.68422],
  [23.40426, 72.68728],
  [23.78741, 72.63354],
  [23.88782, 72.61852],
  [23.88873, 72.56443],
  [23.88782, 72.61852],
  [23.78741, 72.63354],
  [23.603209025441817, 72.36660674234288]],
 [[23.00119, 72.3472],
  [23.20114, 72.3695],
  [23.65225, 72.49425],
  [23.78741, 72.63354],
  [23.76709, 72.72208],
  [23.78571, 72.75329],
  [23.86384, 72.78405],
  [23.603209025441817, 72.36660674234288]],
 [[23.82674, 72.73534],
  [23.78741, 72.63354],
  [23.92798, 72.72188],
  [23.78604, 72.63238],
  [23.84887, 72.54425],
  [23.88759, 72.57722],
  [23.90786, 72.57377],
  [23.92276, 72.49706],
  [23.603209025441817, 72.36660674234288]],
 [[23.85381, 72.59369],
  [23.88782, 72.61852],
  [23.88782, 72.61852],
  [23.70434, 72.54528],
  [24.02755, 72.68866],
  [23.12332, 72.32119],
  [23.603209025441817, 72.36660674234288]],
 [[23.95672, 72.7026],
  [23.93632, 72.6176],
  [23.64548, 72.61178],
  [23.23995, 72.35298],
  [23.20994, 72.27717],
  [23.17317, 72.28098],
  [23.15763, 72.34433],
  [23.603209025441817, 72.36660674234288]]]